$coord
         -8.521553133821          0.498662138845         -3.372618901462     c 
         -6.935998556325          0.844091955312         -1.049579758775     c 
         -7.075966246925          3.417833923551          0.138843444255     c 
         -5.566309270168         -1.042135388055         -0.119958505398     c 
         -3.923098983316         -0.935174965190          2.201940068060     c 
         -1.204146138479         -0.858072293016          1.382474321364     c 
          0.029023436684         -3.001311514595          0.696112463147     c 
         -1.081904907441         -5.272501528883          0.796840566429     o 
          2.682463623815         -3.018348684333         -0.181123684151     c 
          3.661642047884         -5.055424261239         -0.720965235543     o 
          3.974835278069         -0.582632679643         -0.330136765703     c 
          6.470263349185         -0.466587251123         -1.156223018540     c 
          7.709949916404          1.835204366491         -1.296575327141     c 
          6.462419621168          4.033709375380         -0.613720224297     c 
          3.975229700724          3.934891056732          0.209923081918     c 
          2.708725180670          1.640565445688          0.361313923240     c 
          0.052988859158          1.594874299965          1.248574833696     c 
         -1.025662675490          3.557477199228          1.858823855734     o 
        -10.484743188700          0.953547294152         -2.957128955806     h 
         -8.418563386681         -1.430200540174         -4.069192873670     h 
         -7.881737134736          1.773764676887         -4.856834974163     h 
         -5.210630702650          4.084581704626          0.691554758608     h 
         -8.256944304258          3.363773865491          1.824695430790     h 
         -7.892852779993          4.768602875906         -1.174171606127     h 
         -5.530604420152         -2.843721991191         -1.085840572212     h 
         -4.238531636450         -2.635209884491          3.326381484722     h 
         -4.338923810143          0.737282473929          3.323961973158     h 
          0.151409696630         -6.547573774240          0.258335524660     h 
          7.401472920057         -2.205706608406         -1.676756699447     h 
          9.642931767514          1.908589197503         -1.937190880613     h 
          7.420203152909          5.829524212359         -0.718569256169     h 
          2.973579618860          5.628002541341          0.751860599792     h 
$end
