$coord
         -9.765860070744         -1.169382294501         -1.608608759813     c 
         -7.662446870547          0.546487011932         -0.790484732006     c 
         -7.886911911540          3.189974829282         -1.798237668772     c 
         -5.851057787814         -0.294337943544          0.731009615616     c 
         -3.691481006550          1.191822083230          1.800615378676     c 
         -1.082749613000          0.275262392477          1.094892458477     c 
         -0.434065741476         -2.187003843535          0.772200785554     c 
         -2.050024423436         -4.112883846104          1.030623153408     o 
          2.163233865468         -2.993449409405          0.074569388830     c 
          2.566737168958         -5.263978202241         -0.234911880691     o 
          4.078728193265         -1.036043614258         -0.241274607581     c 
          6.533328642234         -1.687609080621         -0.930743133814     c 
          8.347772402600          0.170582444604         -1.254450362769     c 
          7.719445949848          2.686366530559         -0.880336265031     c 
          5.279631332694          3.349185730076         -0.182944807203     c 
          3.440233851865          1.504011033943          0.141955597065     c 
          0.852570765481          2.256915146564          0.891229650362     c 
          0.368450115227          4.476454481983          1.369362970916     o 
        -11.574558136761         -0.383508146410         -1.016616126035     h 
         -9.553297649345         -3.044802342483         -0.796063939134     h 
         -9.795746534687         -1.333868429646         -3.657505458958     h 
         -8.381806863909          3.139118217586         -3.794137089210     h 
         -6.151007216184          4.266506459351         -1.585994133060     h 
         -9.394037447083          4.185581114741         -0.804627336653     h 
         -5.912741650543         -2.244175473576          1.329267576796     h 
         -3.827546290855          1.137369275261          3.867499256609     h 
         -3.801082031022          3.178078692568          1.250693675801     h 
         -1.094341289508         -5.688629376022          0.810569547244     h 
          6.966801885957         -3.661774526887         -1.204799250304     h 
         10.256857209164         -0.347491645038         -1.777468374477     h 
          9.133750594058          4.136663963738         -1.126825081953     h 
          4.764944571284          5.300264091126          0.123371967163     h 
$end
