           2           1   1.0148842969852245     
           3           1   8.9670448258922768E-003
           3           2   1.0212385402423561     
           4           1   7.4872776392991957E-003
           4           2   1.8916549761267141     
           4           3   8.1161795524948999E-003
           5           1   1.7766527337770038E-002
           5           2   6.8105574843939521E-003
           5           3   4.3265477404890807E-003
           5           4   1.0054881374664453     
           6           2   2.1105751928646718E-002
           6           4   4.3346060207069079E-003
           6           5  0.98772326306030955     
           7           2   2.4610586820936749E-003
           7           4   1.4779668299849563E-002
           7           5   5.6703414808450432E-003
           7           6   1.5995168012818213     
           8           3   6.3749082219810424E-003
           8           4   3.8885159142277217E-003
           8           5   9.3872669489812148E-003
           8           6  0.11509485458303786     
           8           7   1.1527645832787619     
           9           5   1.4485915217423484E-002
           9           6   1.6305992340183848E-002
           9           7  0.99953016372252068     
           9           8   7.9908687225579214E-003
          10           4   2.2624114780395760E-003
          10           5   3.7172329932802410E-003
          10           6   5.0586058151313971E-002
          10           7   4.0485682072820023E-002
          10           8   1.1683451521956302E-002
          10           9   1.7560961009522431     
          11           6   1.1099500980000187E-002
          11           7   1.0366306277192181E-002
          11           8   9.2946498455027914E-003
          11           9   1.0337335240804197     
          11          10   3.7578357202289740E-002
          12           6   2.6793563896234732E-003
          12           7   8.5881617126294090E-003
          12           9   1.0792851653841116E-002
          12          10   3.6646734803158575E-002
          12          11   1.3779400831143462     
          13           6   3.4628314706337707E-003
          13           7   2.5003941229468974E-003
          13           9   1.0898216391391779E-002
          13          11   2.3924092872298370E-003
          13          12   1.4469513029936247     
          14           6   2.5591657907802772E-003
          14           9   5.0011416510819954E-003
          14          10   1.9705862486285766E-002
          14          11   9.5629351890148373E-002
          14          12   2.8448426339709983E-003
          14          13   1.4245112018994794     
          15           6   1.1827918590564019E-002
          15           7   3.0038759660163984E-003
          15           8   4.3250320264190314E-003
          15           9   1.1595675601592534E-002
          15          10   3.9940640232266986E-003
          15          11   2.7916086251172762E-003
          15          12  0.10422491859102795     
          15          13   2.6705686500370857E-003
          15          14   1.4446701438546108     
          16           5   8.5701297670607388E-003
          16           6   1.0189488205660849E-002
          16           7   5.5657500358552566E-003
          16           9   7.5997875162862145E-003
          16          10   3.3889299417034974E-002
          16          11   1.3446303579919821     
          16          12   2.9850146430770684E-003
          16          13   9.6042861999570447E-002
          16          14   2.5231845052215737E-003
          16          15   1.3823417077388882     
          17           4   3.0225763179849612E-003
          17           5   3.7185447034293207E-003
          17           6   1.0725381978185695     
          17           7   1.9480502226462894E-002
          17           8   4.0137130704940086E-002
          17           9   4.0038052055644318E-003
          17          10   6.0903338986857160E-003
          17          11   6.1565137220698707E-003
          17          12   1.1514852351963289E-002
          17          13   3.5439667170937663E-003
          17          14   1.0717450427209646E-002
          17          15   8.9835734515552410E-003
          17          16   1.0273109993310865     
          18           5   3.8129075578468572E-003
          18           6   5.5636600384935349E-002
          18           7   5.9175670542021233E-002
          18           8   3.8844885563482284E-002
          18           9   6.0746741120298250E-003
          18          10   2.9578577836842826E-002
          18          11   2.7791565070475338E-002
          18          12   4.0799271242272358E-003
          18          13   1.4683092912803236E-002
          18          15   2.9664586198049306E-002
          18          16   3.6584989349060015E-002
          18          17   1.6806248260040548     
          19           1  0.97770020023696513     
          19           4   6.4132150873427206E-003
          20           1  0.96968404970194233     
          20           3   2.2330109894955707E-003
          20           4   1.5469526184027324E-002
          21           1  0.97151607408807528     
          21           3   3.6009831716059771E-003
          21           4   1.2152565414118273E-002
          22           3  0.97635723647438222     
          22           4   6.6494814216285936E-003
          23           1   2.6765159075619206E-003
          23           3  0.96301221323194253     
          23           4   1.5835883956531710E-002
          24           1   3.5249195276928521E-003
          24           3  0.96973240322773990     
          24           4   1.3665540974493467E-002
          25           3   1.5498977516944439E-002
          25           4  0.96809525857937062     
          26           2   1.8160779404528798E-002
          26           5  0.95471485166910719     
          26           7   7.9384743672305681E-003
          26          18   1.5040424061106294E-002
          27           5  0.96096342960713699     
          27          17   6.7608752058649054E-003
          27          25   9.1898071244712436E-003
          27          26   4.0218147377255502E-003
          28           8  0.96794260431335977     
          28           9   7.6573840674978178E-003
          28          23   4.8750587334406466E-003
          28          27   2.4250843647356749E-003
          29          10   1.4261830571831153E-002
          29          12  0.96732709052012333     
          29          14   1.0474223382325667E-002
          29          16   9.5150980045933756E-003
          30          11   1.0381721902373223E-002
          30          13  0.97231505505168248     
          30          15   1.0594788229063699E-002
          31          12   1.0602593920740927E-002
          31          14  0.97229574740378266     
          31          16   1.0377839392645822E-002
          32          11   9.5143975464715546E-003
          32          13   1.0449788383936703E-002
          32          15  0.96736075165403390     
          32          18   1.4204364071805151E-002
